100
0 0 81 3 20 1286 286 13 2925 2148 36 1 724 4 5226 353 22 169 330 2203 2 4334 10 266 5485 752 955 3713 236 1077 3849 120 1502 
1 0 81 3 20 1286 286 13 2925 2148 36 1 724 4 5226 353 22 169 330 2203 2 4334 10 266 5485 752 955 3713 236 1077 3849 120 1502 
2 0 81 3 20 1286 286 13 2925 2148 36 1 724 4 5226 353 22 169 330 2203 2 4334 10 266 5485 752 955 3713 236 1077 3849 120 1502 
3 0 81 3 20 1286 286 13 2925 2148 36 1 724 4 5226 353 22 169 330 2203 2 4334 10 266 5485 752 955 3713 236 1077 3849 120 1502 
4 0 81 3 20 1286 286 13 2925 2148 36 1 724 4 5226 353 22 169 330 2203 2 4334 10 266 5485 752 955 3713 236 1077 3849 120 1502 
5 0 81 3 20 1286 286 13 2925 2148 36 1 724 4 5226 353 22 169 330 2203 2 4334 10 266 5485 752 955 3713 236 1077 3849 120 1502 
6 0 81 3 20 1286 286 13 2925 2148 36 1 724 4 5226 353 22 169 330 2203 2 4334 10 266 5485 752 955 3713 236 1077 3849 120 1502 
7 0 81 3 20 1286 286 13 2925 2148 36 1 724 4 5226 353 22 169 330 2203 2 4334 10 266 5485 752 955 3713 236 1077 3849 120 1502 
8 0 81 3 20 1286 286 13 2925 2148 36 1 724 4 5226 353 22 169 330 2203 2 4334 10 266 5485 752 955 3713 236 1077 3849 120 1502 
9 0 81 3 20 1286 286 13 2925 2148 36 1 724 4 5226 353 22 169 330 2203 2 4334 10 266 5485 752 955 3713 236 1077 3849 120 1502 
10 0 81 3 20 1286 286 13 2925 2148 36 1 724 4 5226 353 22 169 330 2203 2 4334 10 266 5485 752 955 3713 236 1077 3849 120 1502 
11 0 81 3 20 1286 286 13 2925 2148 36 1 724 4 5226 353 22 169 330 2203 2 4334 10 266 5485 752 955 3713 236 1077 3849 120 1502 
12 0 81 3 20 1286 286 13 2925 2148 36 1 724 4 5226 353 22 169 330 2203 2 4334 10 266 5485 752 955 3713 236 1077 3849 120 1502 
13 0 81 3 20 1286 286 13 2925 2148 36 1 724 4 5226 353 22 169 330 2203 2 4334 10 266 5485 752 955 3713 236 1077 3849 120 1502 
14 0 81 3 20 1286 286 13 2925 2148 36 1 724 4 5226 353 22 169 330 2203 2 4334 10 266 5485 752 955 3713 236 1077 3849 120 1502 
15 0 81 3 20 1286 286 13 2925 2148 36 1 724 4 5226 353 22 169 330 2203 2 4334 10 266 5485 752 955 3713 236 1077 3849 120 1502 
16 0 81 3 20 1286 286 13 2925 2148 36 1 724 4 5226 353 22 169 330 2203 2 4334 10 266 5485 752 955 3713 236 1077 3849 120 1502 
17 0 81 3 20 1286 286 13 2925 2148 36 1 724 4 5226 353 22 169 330 2203 2 4334 10 266 5485 752 955 3713 236 1077 3849 120 1502 
18 0 81 3 20 1286 286 13 2925 2148 36 1 724 4 5226 353 22 169 330 2203 2 4334 10 266 5485 752 955 3713 236 1077 3849 120 1502 
19 0 81 3 20 1286 286 13 2925 2148 36 1 724 4 5226 353 22 169 330 2203 2 4334 10 266 5485 752 955 3713 236 1077 3849 120 1502 
20 0 81 3 20 1286 286 13 2925 2148 36 1 724 4 5226 353 22 169 330 2203 2 4334 10 266 5485 752 955 3713 236 1077 3849 120 1502 
21 0 81 3 20 1286 286 13 2925 2148 36 1 724 4 5226 353 22 169 330 2203 2 4334 10 266 5485 752 955 3713 236 1077 3849 120 1502 
22 0 81 3 20 1286 286 13 2925 2148 36 1 724 4 5226 353 22 169 330 2203 2 4334 10 266 5485 752 955 3713 236 1077 3849 120 1502 
23 0 81 3 20 1286 286 13 2925 2148 36 1 724 4 5226 353 22 169 330 2203 2 4334 10 266 5485 752 955 3713 236 1077 3849 120 1502 
24 0 81 3 20 1286 286 13 2925 2148 36 1 724 4 5226 353 22 169 330 2203 2 4334 10 266 5485 752 955 3713 236 1077 3849 120 1502 
25 0 81 3 20 1286 286 13 2925 2148 36 1 724 4 5226 353 22 169 330 2203 2 4334 10 266 5485 752 955 3713 236 1077 3849 120 1502 
26 0 81 3 20 1286 286 13 2925 2148 36 1 724 4 5226 353 22 169 330 2203 2 4334 10 266 5485 752 955 3713 236 1077 3849 120 1502 
27 0 81 3 20 1286 286 13 2925 2148 36 1 724 4 5226 353 22 169 330 2203 2 4334 10 266 5485 752 955 3713 236 1077 3849 120 1502 
28 0 81 3 20 1286 286 13 2925 2148 36 1 724 4 5226 353 22 169 330 2203 2 4334 10 266 5485 752 955 3713 236 1077 3849 120 1502 
29 0 81 3 20 1286 286 13 2925 2148 36 1 724 4 5226 353 22 169 330 2203 2 4334 10 266 5485 752 955 3713 236 1077 3849 120 1502 
30 0 81 3 20 1286 286 13 2925 2148 36 1 724 4 5226 353 22 169 330 2203 2 4334 10 266 5485 752 955 3713 236 1077 3849 120 1502 
31 0 81 3 20 1286 286 13 2925 2148 36 1 724 4 5226 353 22 169 330 2203 2 4334 10 266 5485 752 955 3713 236 1077 3849 120 1502 
32 0 81 3 20 1286 286 13 2925 2148 36 1 724 4 5226 353 22 169 330 2203 2 4334 10 266 5485 752 955 3713 236 1077 3849 120 1502 
33 0 81 3 20 1286 286 13 2925 2148 36 1 724 4 5226 353 22 169 330 2203 2 4334 10 266 5485 752 955 3713 236 1077 3849 120 1502 
34 0 81 3 20 1286 286 13 2925 2148 36 1 724 4 5226 353 22 169 330 2203 2 4334 10 266 5485 752 955 3713 236 1077 3849 120 1502 
35 0 81 3 20 1286 286 13 2925 2148 36 1 724 4 5226 353 22 169 330 2203 2 4334 10 266 5485 752 955 3713 236 1077 3849 120 1502 
36 0 81 3 20 1286 286 13 2925 2148 36 1 724 4 5226 353 22 169 330 2203 2 4334 10 266 5485 752 955 3713 236 1077 3849 120 1502 
37 0 81 3 20 1286 286 13 2925 2148 36 1 724 4 5226 353 22 169 330 2203 2 4334 10 266 5485 752 955 3713 236 1077 3849 120 1502 
38 0 81 3 20 1286 286 13 2925 2148 36 1 724 4 5226 353 22 169 330 2203 2 4334 10 266 5485 752 955 3713 236 1077 3849 120 1502 
39 0 81 3 20 1286 286 13 2925 2148 36 1 724 4 5226 353 22 169 330 2203 2 4334 10 266 5485 752 955 3713 236 1077 3849 120 1502 
40 0 81 3 20 1286 286 13 2925 2148 36 1 724 4 5226 353 22 169 330 2203 2 4334 10 266 5485 752 955 3713 236 1077 3849 120 1502 
41 0 81 3 20 1286 286 13 2925 2148 36 1 724 4 5226 353 22 169 330 2203 2 4334 10 266 5485 752 955 3713 236 1077 3849 120 1502 
42 0 81 3 20 1286 286 13 2925 2148 36 1 724 4 5226 353 22 169 330 2203 2 4334 10 266 5485 752 955 3713 236 1077 3849 120 1502 
43 0 81 3 20 1286 286 13 2925 2148 36 1 724 4 5226 353 22 169 330 2203 2 4334 10 266 5485 752 955 3713 236 1077 3849 120 1502 
44 0 81 3 20 1286 286 13 2925 2148 36 1 724 4 5226 353 22 169 330 2203 2 4334 10 266 5485 752 955 3713 236 1077 3849 120 1502 
45 0 81 3 20 1286 286 13 2925 2148 36 1 724 4 5226 353 22 169 330 2203 2 4334 10 266 5485 752 955 3713 236 1077 3849 120 1502 
46 0 81 3 20 1286 286 13 2925 2148 36 1 724 4 5226 353 22 169 330 2203 2 4334 10 266 5485 752 955 3713 236 1077 3849 120 1502 
47 0 81 3 20 1286 286 13 2925 2148 36 1 724 4 5226 353 22 169 330 2203 2 4334 10 266 5485 752 955 3713 236 1077 3849 120 1502 
48 0 81 3 20 1286 286 13 2925 2148 36 1 724 4 5226 353 22 169 330 2203 2 4334 10 266 5485 752 955 3713 236 1077 3849 120 1502 
49 0 81 3 20 1286 286 13 2925 2148 36 1 724 4 5226 353 22 169 330 2203 2 4334 10 266 5485 752 955 3713 236 1077 3849 120 1502 
50 0 81 3 20 1286 286 13 2925 2148 36 1 724 4 5226 353 22 169 330 2203 2 4334 10 266 5485 752 955 3713 236 1077 3849 120 1502 
51 0 81 3 20 1286 286 13 2925 2148 36 1 724 4 5226 353 22 169 330 2203 2 4334 10 266 5485 752 955 3713 236 1077 3849 120 1502 
52 0 81 3 20 1286 286 13 2925 2148 36 1 724 4 5226 353 22 169 330 2203 2 4334 10 266 5485 752 955 3713 236 1077 3849 120 1502 
53 0 81 3 20 1286 286 13 2925 2148 36 1 724 4 5226 353 22 169 330 2203 2 4334 10 266 5485 752 955 3713 236 1077 3849 120 1502 
54 0 81 3 20 1286 286 13 2925 2148 36 1 724 4 5226 353 22 169 330 2203 2 4334 10 266 5485 752 955 3713 236 1077 3849 120 1502 
55 0 81 3 20 1286 286 13 2925 2148 36 1 724 4 5226 353 22 169 330 2203 2 4334 10 266 5485 752 955 3713 236 1077 3849 120 1502 
56 0 81 3 20 1286 286 13 2925 2148 36 1 724 4 5226 353 22 169 330 2203 2 4334 10 266 5485 752 955 3713 236 1077 3849 120 1502 
57 0 81 3 20 1286 286 13 2925 2148 36 1 724 4 5226 353 22 169 330 2203 2 4334 10 266 5485 752 955 3713 236 1077 3849 120 1502 
58 0 81 3 20 1286 286 13 2925 2148 36 1 724 4 5226 353 22 169 330 2203 2 4334 10 266 5485 752 955 3713 236 1077 3849 120 1502 
59 0 81 3 20 1286 286 13 2925 2148 36 1 724 4 5226 353 22 169 330 2203 2 4334 10 266 5485 752 955 3713 236 1077 3849 120 1502 
60 0 81 3 20 1286 286 13 2925 2148 36 1 724 4 5226 353 22 169 330 2203 2 4334 10 266 5485 752 955 3713 236 1077 3849 120 1502 
61 0 81 3 20 1286 286 13 2925 2148 36 1 724 4 5226 353 22 169 330 2203 2 4334 10 266 5485 752 955 3713 236 1077 3849 120 1502 
62 0 81 3 20 1286 286 13 2925 2148 36 1 724 4 5226 353 22 169 330 2203 2 4334 10 266 5485 752 955 3713 236 1077 3849 120 1502 
63 0 81 3 20 1286 286 13 2925 2148 36 1 724 4 5226 353 22 169 330 2203 2 4334 10 266 5485 752 955 3713 236 1077 3849 120 1502 
64 0 81 3 20 1286 286 13 2925 2148 36 1 724 4 5226 353 22 169 330 2203 2 4334 10 266 5485 752 955 3713 236 1077 3849 120 1502 
65 0 81 3 20 1286 286 13 2925 2148 36 1 724 4 5226 353 22 169 330 2203 2 4334 10 266 5485 752 955 3713 236 1077 3849 120 1502 
66 0 81 3 20 1286 286 13 2925 2148 36 1 724 4 5226 353 22 169 330 2203 2 4334 10 266 5485 752 955 3713 236 1077 3849 120 1502 
67 0 81 3 20 1286 286 13 2925 2148 36 1 724 4 5226 353 22 169 330 2203 2 4334 10 266 5485 752 955 3713 236 1077 3849 120 1502 
68 0 81 3 20 1286 286 13 2925 2148 36 1 724 4 5226 353 22 169 330 2203 2 4334 10 266 5485 752 955 3713 236 1077 3849 120 1502 
69 0 81 3 20 1286 286 13 2925 2148 36 1 724 4 5226 353 22 169 330 2203 2 4334 10 266 5485 752 955 3713 236 1077 3849 120 1502 
70 0 81 3 20 1286 286 13 2925 2148 36 1 724 4 5226 353 22 169 330 2203 2 4334 10 266 5485 752 955 3713 236 1077 3849 120 1502 
71 0 81 3 20 1286 286 13 2925 2148 36 1 724 4 5226 353 22 169 330 2203 2 4334 10 266 5485 752 955 3713 236 1077 3849 120 1502 
72 0 81 3 20 1286 286 13 2925 2148 36 1 724 4 5226 353 22 169 330 2203 2 4334 10 266 5485 752 955 3713 236 1077 3849 120 1502 
73 0 81 3 20 1286 286 13 2925 2148 36 1 724 4 5226 353 22 169 330 2203 2 4334 10 266 5485 752 955 3713 236 1077 3849 120 1502 
74 0 81 3 20 1286 286 13 2925 2148 36 1 724 4 5226 353 22 169 330 2203 2 4334 10 266 5485 752 955 3713 236 1077 3849 120 1502 
75 0 81 3 20 1286 286 13 2925 2148 36 1 724 4 5226 353 22 169 330 2203 2 4334 10 266 5485 752 955 3713 236 1077 3849 120 1502 
76 0 81 3 20 1286 286 13 2925 2148 36 1 724 4 5226 353 22 169 330 2203 2 4334 10 266 5485 752 955 3713 236 1077 3849 120 1502 
77 0 81 3 20 1286 286 13 2925 2148 36 1 724 4 5226 353 22 169 330 2203 2 4334 10 266 5485 752 955 3713 236 1077 3849 120 1502 
78 0 81 3 20 1286 286 13 2925 2148 36 1 724 4 5226 353 22 169 330 2203 2 4334 10 266 5485 752 955 3713 236 1077 3849 120 1502 
79 0 81 3 20 1286 286 13 2925 2148 36 1 724 4 5226 353 22 169 330 2203 2 4334 10 266 5485 752 955 3713 236 1077 3849 120 1502 
80 0 81 3 20 1286 286 13 2925 2148 36 1 724 4 5226 353 22 169 330 2203 2 4334 10 266 5485 752 955 3713 236 1077 3849 120 1502 
81 0 81 3 20 1286 286 13 2925 2148 36 1 724 4 5226 353 22 169 330 2203 2 4334 10 266 5485 752 955 3713 236 1077 3849 120 1502 
82 0 81 3 20 1286 286 13 2925 2148 36 1 724 4 5226 353 22 169 330 2203 2 4334 10 266 5485 752 955 3713 236 1077 3849 120 1502 
83 0 81 3 20 1286 286 13 2925 2148 36 1 724 4 5226 353 22 169 330 2203 2 4334 10 266 5485 752 955 3713 236 1077 3849 120 1502 
84 0 81 3 20 1286 286 13 2925 2148 36 1 724 4 5226 353 22 169 330 2203 2 4334 10 266 5485 752 955 3713 236 1077 3849 120 1502 
85 0 81 3 20 1286 286 13 2925 2148 36 1 724 4 5226 353 22 169 330 2203 2 4334 10 266 5485 752 955 3713 236 1077 3849 120 1502 
86 0 81 3 20 1286 286 13 2925 2148 36 1 724 4 5226 353 22 169 330 2203 2 4334 10 266 5485 752 955 3713 236 1077 3849 120 1502 
87 0 81 3 20 1286 286 13 2925 2148 36 1 724 4 5226 353 22 169 330 2203 2 4334 10 266 5485 752 955 3713 236 1077 3849 120 1502 
88 0 81 3 20 1286 286 13 2925 2148 36 1 724 4 5226 353 22 169 330 2203 2 4334 10 266 5485 752 955 3713 236 1077 3849 120 1502 
89 0 81 3 20 1286 286 13 2925 2148 36 1 724 4 5226 353 22 169 330 2203 2 4334 10 266 5485 752 955 3713 236 1077 3849 120 1502 
90 0 81 3 20 1286 286 13 2925 2148 36 1 724 4 5226 353 22 169 330 2203 2 4334 10 266 5485 752 955 3713 236 1077 3849 120 1502 
91 0 81 3 20 1286 286 13 2925 2148 36 1 724 4 5226 353 22 169 330 2203 2 4334 10 266 5485 752 955 3713 236 1077 3849 120 1502 
92 0 81 3 20 1286 286 13 2925 2148 36 1 724 4 5226 353 22 169 330 2203 2 4334 10 266 5485 752 955 3713 236 1077 3849 120 1502 
93 0 81 3 20 1286 286 13 2925 2148 36 1 724 4 5226 353 22 169 330 2203 2 4334 10 266 5485 752 955 3713 236 1077 3849 120 1502 
94 0 81 3 20 1286 286 13 2925 2148 36 1 724 4 5226 353 22 169 330 2203 2 4334 10 266 5485 752 955 3713 236 1077 3849 120 1502 
95 0 81 3 20 1286 286 13 2925 2148 36 1 724 4 5226 353 22 169 330 2203 2 4334 10 266 5485 752 955 3713 236 1077 3849 120 1502 
96 0 81 3 20 1286 286 13 2925 2148 36 1 724 4 5226 353 22 169 330 2203 2 4334 10 266 5485 752 955 3713 236 1077 3849 120 1502 
97 0 81 3 20 1286 286 13 2925 2148 36 1 724 4 5226 353 22 169 330 2203 2 4334 10 266 5485 752 955 3713 236 1077 3849 120 1502 
98 0 81 3 20 1286 286 13 2925 2148 36 1 724 4 5226 353 22 169 330 2203 2 4334 10 266 5485 752 955 3713 236 1077 3849 120 1502 
99 0 81 3 20 1286 286 13 2925 2148 36 1 724 4 5226 353 22 169 330 2203 2 4334 10 266 5485 752 955 3713 236 1077 3849 120 1502 
